1000004 
1000005 
1000006 
1000040 
1000076 
1000111 
1000138 
1000140 
1000176 
1000177 
1000193 
1000196 
1000215 
1000216 
1000220 
1000231 
1000236 
1000237 
1000238 
1000264 
1000281 
1000287 
1000291 
1000308 
1000309 
1000310 
1000350 
1000351 
1000353 
1000361 
1000362 
1000363 
1000364 
1000379 
1000424 
1000426 
1000432 
1000433 
1000434 
1000435 
1000437 
1000439 
1000443 
1000444 
1000469 
1000474 
1000518 
1000519 
1000520 
1000522 
1000532 
1000533 
1000534 
1000554 
1000555 
1000556 
1000557 
1000596 
1000597 
1000598 
1000641 
1000704 
1000738 
1000740 
1000742 
1000749 
1000750 
1000756 
1000772 
1000773 
1000774 
1000775 
1000780 
1000786 
1000787 
1000788 
1000790 
1000804 
1000821 
1000834 
1000835 
1000868 
1000869 
1000870 
1000872 
1000885 
1000899 
1000913 
1000914 
1000915 
1000922 
1000930 
1000931 
1000936 
1000938 
1000939 
1000946 
1000947 
1000953 
1000955 
1000956 
1000958 
1000963 
1000968 
1000969 
1000982 
1000983 
1000996 
1001006 
1001008 
1001009 
1001017 
1001019 
1001059 
1001060 
1001061 
1001065 
1001066 
1001067 
1001131 
1001143 
1001181 
1001182 
1001189 
1001190 
1001235 
1001272 
1001273 
1001274 
1001275 
1001324 
1001326 
1001330 
1001382 
1001383 
1001384 
1001398 
1001403 
1001422 
1001436 
1001460 
1001461 
1001470 
1001475 
1001485 
1001496 
1001497 
1001520 
1001542 
1001543 
1001562 
1001578 
1001603 
1001612 
1001613 
1001614 
1001615 
1001620 
1001624 
1001625 
1001688 
1001710 
1001711 
1001731 
1001732 
1001763 
1001769 
1001780 
1001876 
1001900 
1001979 
1001990 
1001991 
1001992 
1002000 
1002060 
1002236 
1002238 
1002288 
1002304 
1002331 
1002384 
1002385 
1002392 
1002429 
1002438 
1002547 
1002558 
1002559 
1002561 
1002562 
1002563 
1002566 
1002690 
1002692 
1002761 
1002762 
1002816 
1002819 
1002823 
1002824 
1002843 
1002867 
1002868 
1002869 
1002870 
1002872 
1002874 
1002875 
1002876 
1002878 
1002879 
1002881 
1002884 
1002887 
1002888 
1002889 
1002890 
1002892 
1002894 
1002895 
1002941 
1002954 
1002956 
1002996 
1003046 
1003047 
1003048 
1003050 
1003051 
1003152 
1003153 
1003159 
1003169 
1003199 
1003202 
1003355 
1003374 
1003375 
1003388 
1003389 
1003390 
1003392 
1003436 
1003464 
1003466 
1003555 
1003566 
1003568 
1003570 
1003626 
1003627 
1003634 
1003657 
1003664 
1003726 
1003788 
1003909 
1003915 
1003916 
1003917 
1003918 
1003928 
1003929 
1003971 
1003973 
1003983 
1004052 
1004053 
1004055 
1004108 
1004119 
1004122 
1004178 
1004185 
1004227 
1004231 
1004239 
1004240 
1004264 
1004266 
1004340 
1004341 
1004458 
1004530 
1004575 
1004577 
1004615 
1004616 
1004617 
1004618 
1004619 
1004620 
1004622 
1004641 
1004671 
1004672 
1004673 
1004674 
1004675 
1004676 
1004677 
1004678 
1004679 
1004681 
1004682 
1004684 
1004767 
1004846 
1004847 
1004848 
1004849 
1004850 
1004851 
1004852 
1004853 
1004855 
1004857 
1004859 
1004860 
1004861 
1004862 
1004863 
1004996 
1004997 
1004998 
1004999 
1005000 
1005001 
1005003 
1005004 
1005005 
1005006 
1005007 
1005009 
1005011 
1005048 
1005128 
1005129 
1005130 
1005131 
1005132 
1005134 
1005164 
1005166 
1005196 
1005197 
1005198 
1005267 
1005290 
1005297 
1005298 
1005299 
1005314 
1005315 
1005327 
1005328 
1005343 
1005371 
1005424 
1005440 
1005441 
1005442 
1005443 
1005480 
1005481 
1005482 
1005571 
1005572 
1005573 
1005661 
1005668 
1005691 
1005730 
1005834 
1005887 
1005888 
1005889 
1005890 
1005892 
1005910 
1005913 
1005914 
1005928 
1005971 
1005984 
1005985 
1005986 
1006027 
1006054 
1006055 
1006056 
1006057 
1006059 
1006060 
1006061 
1006062 
1006067 
1006088 
1006149 
1006208 
1006267 
1006364 
1006365 
1006366 
1006441 
1006442 
1006446 
1006447 
1006646 
1006658 
1006659 
1006660 
1006661 
1006662 
1006663 
1006664 
1006766 
1006767 
1006817 
1006818 
1006819 
1006820 
1006821 
1006853 
1006861 
1006862 
1006872 
1006881 
1006924 
1006950 
1006951 
1006986 
1007043 
1007044 
1007051 
1007052 
1007156 
1007178 
1007457 
1007478 
1007479 
1007480 
1007481 
1007494 
1007592 
1007593 
1007651 
1007654 
1007669 
1007672 
1007759 
1007858 
1007928 
1008045 
1008046 
1008134 
1008135 
1008137 
1008138 
1008139 
1008198 
1008227 
1008241 
1008245 
1008246 
1008357 
1008358 
1008359 
1008360 
1008361 
1008362 
1008363 
1008364 
1008412 
1008422 
1008423 
1008424 
1008425 
1008471 
1008610 
1008611 
1008612 
1008613 
1008614 
1008674 
1008717 
1008745 
1008841 
1008842 
1008843 
1008844 
1008845 
1008847 
1008848 
1008849 
1008913 
1008914 
1008915 
1008916 
1008921 
1008932 
1008937 
1009072 
1009246 
1009420 
1009469 
1009470 
1009567 
1009568 
1009593 
1009659 
1009714 
1009797 
1009798 
1009799 
1009924 
1009939 
1009940 
1009941 
1009958 
1009961 
1009997 
1009998 
1009999 
1010000 
1010128 
1010137 
1010138 
1010185 
1010281 
1010282 
1010296 
1010297 
1010360 
1010398 
1010399 
1010401 
1010402 
1010403 
1010463 
1010693 
1010694 
1010756 
1010761 
1010762 
1010765 
1010766 
1010774 
1010787 
1010788 
1010789 
1010790 
1010842 
1010860 
1010861 
1010868 
1010877 
1010902 
1010903 
1010906 
1010907 
1010908 
1010909 
1010911 
1010912 
1011075 
1011076 
1011123 
1011165 
1011252 
1011253 
1011254 
1011255 
1011262 
1011269 
1011282 
1011286 
1011290 
1011291 
1011292 
1011342 
1011343 
1011413 
1011417 
1011487 
1011489 
1011551 
1011556 
1011557 
1011618 
1011631 
1011646 
1011665 
1011666 
1011742 
1011817 
1012025 
1012026 
1012277 
1012283 
1012284 
1012288 
1012311 
1012312 
1012313 
1012314 
1012326 
1012451 
1012452 
1012453 
1012603 
1012604 
1012606 
1012607 
1012608 
1012609 
1012610 
1012611 
1012612 
1012613 
1012614 
1012640 
1012647 
1012648 
1012752 
1012753 
1012788 
1012817 
1012881 
1013034 
1013149 
1013200 
1013233 
1013234 
1013320 
1013361 
1013362 
1013370 
1013371 
1013418 
1013419 
1013475 
1013538 
1013550 
1013551 
1013577 
1013720 
1013749 
1013750 
1013751 
1013753 
1013754 
1013755 
1013837 
1013894 
1013895 
1013897 
1013949 
1013984 
1013985 
1013986 
1013989 
1014175 
1014176 
1014177 
1014183 
1014184 
1014339 
1014341 
1014379 
1014380 
1014442 
1014443 
1014485 
1014563 
1014575 
1014630 
1014652 
1014654 
1014672 
1014673 
1014674 
1014675 
1014721 
1014733 
1014734 
1014736 
1014737 
1014740 
1014952 
1014953 
1014999 
1015035 
1015198 
1015215 
1015216 
1015227 
1015275 
1015281 
1015476 
1015477 
1015478 
1015480 
1015481 
1015663 
1015666 
1015672 
1015673 
1015678 
1015848 
1015852 
1015974 
1015975 
1015981 
1015986 
1016053 
1016082 
1016101 
1016102 
1016103 
1016104 
1016106 
1016107 
1016108 
1016109 
1016114 
1016115 
1016204 
1016264 
1016265 
1016339 
1016340 
1016341 
1016342 
1016453 
1016517 
1016518 
1016519 
1016520 
1016526 
1016527 
1016528 
1016529 
1016530 
1016531 
1016544 
1016545 
1016547 
1016565 
1016586 
1016623 
1016624 
1016625 
1016626 
1016712 
1016713 
1016870 
1016871 
1017157 
1017159 
1017240 
1017264 
1017265 
1017266 
1017273 
1017274 
1017341 
1017350 
1017353 
1017357 
1017358 
1017365 
1017379 
1017460 
1017716 
1017784 
1017785 
1017786 
1017787 
1017788 
1017796 
1017921 
1017945 
1017946 
1018056 
1018089 
1018090 
1018153 
1018504 
1018508 
1018589 
1018655 
1018709 
1018710 
1018711 
1018742 
1018743 
1018762 
1018919 
1018955 
1018989 
1019002 
1019003 
1019012 
1019168 
1019169 
1019298 
1019321 
1019322 
1019598 
1019633 
1019638 
1019648 
1019685 
1019781 
1019782 
1019783 
1019838 
1019846 
1019847 
1019925 
1020010 
1020078 
1020082 
1020130 
1020161 
1020183 
1020201 
1020229 
1020331 
1020332 
1020333 
1020356 
1020410 
1020413 
1020417 
1020418 
1020423 
1020447 
1020448 
1020474 
1020475 
1020838 
1020839 
1020842 
1020843 
1020844 
1020845 
1020848 
1020850 
1020851 
1020852 
1020881 
1020885 
1020886 
1020887 
1020888 
1020889 
1020890 
1020897 
1020904 
1020905 
1020906 
1020912 
1020913 
1020914 
1020915 
1021003 
1021025 
1021026 
1021027 
1021063 
1021064 
1021065 
1021066 
1021067 
1021082 
1021083 
1021084 
1021174 
1021381 
1021383 
1021388 
1021389 
1021440 
1021462 
1021463 
1021572 
1021606 
1021647 
1021655 
1021656 
1021657 
1021658 
1021675 
1021690 
1021691 
1021692 
1021707 
1021708 
1021709 
1021772 
1022008 
1022170 
1022242 
1022277 
1022278 
1022279 
1022280 
1022281 
1022290 
1022320 
1022397 
1022398 
1022494 
1022612 
1022615 
1022619 
1022620 
1022621 
1022622 
1022625 
1022721 
1022723 
1022727 
1022728 
1022729 
1022731 
1022733 
1022770 
1022771 
1022772 
1022894 
1022895 
1022922 
1022929 
1022933 
1022942 
1022944 
1022945 
1022946 
1022948 
1022950 
1022951 
1022974 
1023037 
1023075 
1023086 
1023096 
1023097 
1023118 
1023119 
1023279 
1023298 
1023367 
1023541 
1023606 
1006271 
1004252 
2000271 
